=========== B ================
00000000
00100100
01011010
01010010
01010010
01010010
01111110
00000000

=========== C ================
00000000
01000010
01000010
01000010
01000010
01000010
01111110
00000000

=========== D ================
00000000
00011000
00100100
01000010
01000010
01000010
01111110
00000000

=========== E ================
00000000
01000010
01000010
01010010
01010010
01010010
01111110
00000000

=========== F ================
00000000
01000000
01000000
01010000
01010000
01010000
01111110
00000000

=========== G ================
00000000
00010000
00100100
01001010
01001010
01000010
01111110
00000000

=========== H ================
00000000
01111110
00010000
00010000
00010000
00010000
01111110
00000000

=========== I ================
00000000
01000010
01000010
01111110
01000010
01000010
01000010
00000000

=========== J ================
00000000
01000000
01000000
01111110
01000010
01000010
01000010
00000000



=========== K ================
00000000
01000010
01000010
00100100
00100100
00011000
01111110
00000000


=========== L ================
00000000
00000010
00000010
00000010
00000010
00000010
01111110
00000000

=========== M ================
00000000
01111110
01000000
00100000
00010000
00100000
01111110
00000000

=========== N ================
00000000
01111110
00000100
00001000
00010000
00100000
01111110
00000000

=========== O ================
00000000
01111110
01000010
01000010
01000010
01000010
01111110
00000000

=========== P ================
00000000
01111000
01001000
01001000
01001000
01001000
01111110
00000000

=========== Q ================
00000000
00000010
01111010
01001100
01000110
01000010
01111110
00000000

=========== R ================
00000000
01110000
01010000
01011110
01010000
01010000
01111110
00000000

=========== S ================
00000000
01011110
01010010
01010010
01010010
01010010
01110010
00000000

=========== T ================
00000000
01000000
01000000
01111110
01000000
01000000
01000000
00000000

=========== U ================
00000000
01111110
00000010
00000010
00000010
00000010
01111110
00000000

=========== V ================
00000000
01111100
00001110
00000010
00001110
00011100
01110000
00000000

=========== W ================
00000000
01111000
00000110
00011000
00000110
00011000
01100000
00000000

=========== X ================
00000000
01000010
00100100
00011000
00011000
00100100
01000010
00000000

=========== Y ================
00000000
01000000
00100000
00011110
00010000
00100000
01000000
00000000

=========== Z ================
00000000
01000010
01100010
01010010
01001010
01000110
01000010
00000000